kwc=1;
kwd=1;
k1c=0.05;
k2c=-0.2;
k1d=0.01;
k2d=-0.18;
h=0.1
