a=0;
R1=120+10*(a+1);
R2=430-15*(a+2);
C1=220*10^(-6);
C2=C1+(a+5)*10^(-6);
R=R1;
C=C2;
L=0.4+0.1*(a+0.5)
