h=0.126
