a=0;
b=0;
R1=120*(0.1+b)+10*(a+1);
R2=430-15*(a+2);
C1=220*(0.1+b)*10^(-6);
C2=C1+(a+5)*10^(-6)
