Dupa rularea programului C, s-au afisat pe ecran urmatoarele:

Numar pasi:9
x[0] = 0.60725448, y[0] = 0.00000000, z[0] = 0.52359878
alfa[0] = 0.78539816
x[1] = 0.60725448, y[1] = 0.60725448, z[1] = -0.26179939
alfa[1] = 0.46364761
x[2] = 0.91088172, y[2] = 0.30362724, z[2] = 0.20184822
alfa[2] = 0.24497866
x[3] = 0.83497491, y[3] = 0.53134767, z[3] = -0.04313044
alfa[3] = 0.12435499
x[4] = 0.90139337, y[4] = 0.42697581, z[4] = 0.08122455
alfa[4] = 0.06241881
x[5] = 0.87470738, y[5] = 0.48331289, z[5] = 0.01880574
alfa[5] = 0.03123983
x[6] = 0.85960385, y[6] = 0.51064750, z[6] = -0.01243409
alfa[6] = 0.01562373
x[7] = 0.86758272, y[7] = 0.49721619, z[7] = 0.00318964
alfa[7] = 0.00781234
x[8] = 0.86369822, y[8] = 0.50399418, z[8] = -0.00462270
alfa[8] = 0.00390623
K = 1.64674351
cos(pi/6) cu metoda Cordic : 0.86566694
cos(pi/6) cu functia cos din libraria C : 0.86602540
Eroarea de aproximare este -0.00035846