
%ex 2
T1=180
T2=720
K=0.08
P=1000
