a=0;
b=5;
kr=10^3+2*a;
kp=35-0.5*b;
m=10+0.2*a+0.45*b;
x0=0;
v0=0;
Feo=5+3*a+b
